0 0.4304858263610305 0.40920057461911924 0.02292914782345484 0.017426152345825657
0 0.5217438346983805 0.42112373148731563 0.016508986432887483 0.011923156868196472
0 0.5607233859982536 0.39269158818623173 0.01375748869407289 0.017426152345825584
0 0.6932538604178221 0.3523362880169514 0.01650898643288741 0.008254493216443705
0 0.7244375014577206 0.4270853099214139 0.012840322781134717 0.011005990955258298
0 0.6762862910284656 0.4596447539505308 0.019260484171702088 0.017426260585446923
0 0.6547328920744181 0.4958727533917782 0.01650898643288741 0.014674654607011063
0 0.6602359040687634 0.541731103158499 0.014674621573579833 0.014674546367389886
0 0.7913906131022085 0.5797934344256227 0.020177650084640106 0.019260484171702005
0 0.8257843348373907 0.5343937217351822 0.019260484171701932 0.01650898643288734
0 0.880814289613682 0.504127246608222 0.02109481599757828 0.014674654607010992
0 0.9248382534347153 0.46514769530834876 0.021094815997578422 0.01375748869407289
0 0.9358442443899733 0.4307539735731667 0.01559182051994938 0.014674654607011063
0 0.9019091056112605 0.3642594448851479 0.017426152345825584 0.015591820519949237
0 0.8707254645713618 0.37618260175334434 0.015591820519949237 0.015591820519949237
0 0.8097339313609723 0.37251393810159156 0.014674654607010921 0.015591820519949237
0 0.7909320301457394 0.4078248257497119 0.019260484171701932 0.020177650084640248
0 0.8643053031807946 0.3339929697581876 0.019260484171701932 0.010088825042320124
0 0.7849704517116414 0.7045279985852164 0.027514977388145637 0.013757488694072749
0 0.6909609456354766 0.6724271916323797 0.026597811475207466 0.015591820519949095
0 0.6836236183319712 0.7627680340567915 0.028432143301083953 0.0183433182587639
0 0.9770708521765452 0.724850226118543 0.023846313736392802 0.020177650084640248
0 0.9495558747883994 0.7610782796796016 0.02751497738814578 0.017426152345825726
0 0.8660937767110242 0.7982234991535981 0.022011981910516454 0.022011981910516596
0 0.9348812201813884 0.878016933579221 0.02568064556226915 0.022011981910516596
0 0.9601032827871886 0.9527659554836834 0.02476347964933126 0.02109481599757828
0 0.8500433732346059 0.9853253453929891 0.02292914782345477 0.02017765008463982
0 0.7285188897702956 0.9596446998307198 0.025680645562269434 0.023846313736392944
0 0.7230158942926664 0.8509605391475442 0.020177650084640106 0.022929147823454912
0 0.5437099583132502 0.7766701001995506 0.017426152345825657 0.021094815997578422
0 0.45474486475824577 0.7665812751572306 0.02476347964933126 0.024763479649331118
0 0.40246640772076886 0.7890518400242164 0.019260484171701932 0.022011981910516596
0 0.2419623729565856 0.7665812751572306 0.019260484171702005 0.01742615234582544
0 0.3680726859855868 0.9325883053990432 0.022011981910516665 0.02109481599757828
0 0.4588721113664676 0.9449700452237088 0.022011981910516596 0.027514977388145498
0 0.4964759137969334 0.9147035700967484 0.022011981910516596 0.020177650084640248
0 0.6702788542987205 0.9789051840024218 0.026597811475207466 0.022011981910516454
0 0.25709561052006574 0.9775294351330146 0.02751497738814571 0.017426152345825726
