0 0.49272349272349275 0.6070686070686071 0.027027027027027018 0.04989604989604992
0 0.42879417879417886 0.5415800415800416 0.01975051975051976 0.04781704781704782
0 0.37629937629937626 0.5436590436590436 0.020790020790020732 0.0436590436590437
0 0.5223492723492724 0.17359667359667358 0.01975051975051976 0.039501039501039496
0 0.5925155925155926 0.19230769230769235 0.020790020790020805 0.039501039501039475
0 0.670997920997921 0.02598752598752599 0.017671517671517735 0.03118503118503119
0 0.8404365904365904 0.5613305613305613 0.03014553014553016 0.054054054054054036
0 0.2364997784461896 0.9802494802494803 0.03017211406493633 0.03950103950103952
0 0.057172557172557176 0.21725571725571727 0.020790020790020788 0.031185031185031173
0 0.1975184894649006 0.014553014553014552 0.020763436870614597 0.029106029106029104
0 0.09356838551479665 0.9906444906444907 0.03536961926244151 0.01871101871101871
