0 0.4350257976300745 0.9313959897122231 0.022195415093104173 0.016142120067712113
0 0.601491410828356 0.9722557311336196 0.014124355059248188 0.015133237563480008
0 0.3376686359716855 0.898607308324683 0.01513323756348015 0.013115472555016225
0 0.38205946615789393 0.9233249296783671 0.019168767580408145 0.01815988507617604
0 0.24384256307810864 0.9677157598645756 0.01916876758040818 0.014124355059248046
0 0.13589213512528361 0.9248382534347153 0.01513323756348015 0.019168767580408287
0 0.04460116893690566 0.7937379853103766 0.02015184919540234 0.01300655770337059
0 0.19390287911862417 0.7356727838912134 0.02017765008464018 0.014124355059248046
0 0.3553240797957457 0.7558504339758536 0.01815988507617618 0.014124355059248188
0 0.39063496744386605 0.7296194888658214 0.02421318010156824 0.014124355059248046
0 0.5263296642630714 0.7654348177660577 0.019168767580408214 0.01513323756348015
0 0.37146619986345786 0.6438644760061005 0.014124355059248117 0.016142120067712186
0 0.3734839648719219 0.6171290896439523 0.01210659005078412 0.011097707546552158
0 0.19138067285804414 0.6393245047370564 0.013115472555016083 0.011097707546552087
0 0.25695803563312475 0.685733099931729 0.011097707546552087 0.017151002571944077
0 0.29680889455028914 0.6816975699148009 0.012106590050784086 0.01513323756348015
0 0.23022264927097652 0.58837593827334 0.016142120067712186 0.014124355059248117
0 0.2604891243979368 0.580304878239484 0.014124355059248153 0.008071060033856057
0 0.25342694686831274 0.5096831029432433 0.016142120067712113 0.01210659005078412
0 0.20449614541306027 0.4905143353628351 0.011097707546552087 0.010088825042320053
0 0.2095405579342203 0.5192674867334474 0.015133237563480187 0.011097707546552158
0 0.13286548761258757 0.4799210690683991 0.017151002571944164 0.013115472555016154
0 0.10209457123351129 0.478407745312051 0.012106590050784103 0.010088825042320053
0 0.14194543015067565 0.5394451368180876 0.01715100257194413 0.015133237563480222
0 0.10108568872927925 0.5333918417926955 0.014124355059248134 0.013115472555016154
0 0.06476591857692693 0.5490295206082917 0.014124355059248125 0.010088825042319982
0 0.13942322389009562 0.6700954211161328 0.018159885076176163 0.012106590050784263
0 0.10865230751101933 0.683715334923265 0.0131154725550161 0.013115472555016083
0 0.043087845180557645 0.6529988759700113 0.015107436674242285 0.02006873523299447
0 0.10915674876313534 0.4249369725877544 0.010088825042320107 0.010088825042320124
0 0.15001649018453173 0.41283038253697035 0.0131154725550161 0.010088825042320053
0 0.042066062231706704 0.4249369725877545 0.005044412521160045 0.01210659005078412
0 0.02215657311669129 0.9793205317577548 0.023633677991137376 0.0147710487444607
