0 0.7525848204788528 0.4076805967051332 0.033973319011084316 0.03249610801382166
0 0.7311668862504765 0.3426884553864868 0.03249649344016557 0.032496655879800385
0 0.6957162362620908 0.29911337598184645 0.03249620083646966 0.02806471868148622
0 0.7695714267837229 0.23485932639494111 0.03249620083647016 0.029541848458931482
0 0.8478580782305417 0.1528799934116839 0.03249620083646984 0.0310189782363765
0 0.9497783278674887 0.2983748110931237 0.03249620083647034 0.035450367568712116
0 0.6927611154516928 0.7422507901324407 0.03545050368653827 0.036925455300236935
0 0.8567213857857845 0.8744465090230662 0.038403875524848634 0.04431269797939933
0 0.5162481203684871 0.8316100194101488 0.04579066341303584 0.04135953415646723
0 0.3271771203694837 0.8559813408790429 0.0457900383051411 0.03692699928617647
0 0.020679421691657308 0.6617425977553607 0.041358843383314615 0.03840455241460528
0 0.21565719196761676 0.4852288640950424 0.029542044288249723 0.031019227266367223
0 0.2488921846443335 0.41949778434268836 0.031019228963703804 0.026587887740029573
0 0.18906942392909898 0.35672082717872966 0.029542097488921684 0.028064992614475627
0 0.11742983751846381 0.15288035450516987 0.028064992614475627 0.025110782865583464
0 0.1757754800590842 0.05317575057706004 0.029542097488921712 0.03249625743181581
0 0.5369276218611522 0.5664697193500738 0.033973412112259994 0.033973412112259925
