0 0.2434658605254105 0.30197554152470896 0.015008169484443102 0.01000544632296208
0 0.19468930970097043 0.2961390311696477 0.010839233516542243 0.01000544632296208
0 0.18635143776516866 0.3315749868968051 0.015841956678023267 0.01083923351654228
0 0.2096974791854135 0.3607575386721111 0.0158419566780233 0.012506807903702465
0 0.2622260723809644 0.34616626278445806 0.019177105452343995 0.0166757438716035
0 0.35102440849725286 0.3515858795427292 0.015008169484443102 0.014174382290862937
0 0.4031361080960136 0.35700549630100026 0.012506807903702608 0.008337871935801787
0 0.496103380180203 0.36742783622075254 0.01500816948444303 0.012506807903702608
0 0.3847927898372498 0.3824360057051956 0.017509531065183735 0.012506807903702608
0 0.41897806477403693 0.4203733230130935 0.015841956678023336 0.011673020710122444
0 0.45399712690440425 0.45289102356272015 0.017509531065183666 0.011673020710122444
0 0.44816061654934297 0.4708174482246939 0.02084467983950432 0.015841956678023267
0 0.515697379229337 0.4353814924975366 0.02417982861382505 0.018343318258763758
0 0.6507709045893251 0.4862425113059271 0.015841956678023336 0.011673020710122444
0 0.5469643989885934 0.5225122542266647 0.025013615807405146 0.012506807903702608
0 0.5244521447619288 0.5358528493239474 0.02167846703308456 0.014174382290862937
0 0.6570243085411762 0.5963024208585099 0.021678467033084417 0.01667574387160343
0 0.7103866889303074 0.6309045893920872 0.025013615807405215 0.019177105452343995
0 0.5907382266515525 0.639659354924679 0.022512254226664724 0.015008169484443173
0 0.5019398905352641 0.591716591293819 0.01834331825876383 0.019177105452343923
0 0.5436292502142728 0.6484141204572706 0.021678467033084486 0.019177105452343923
0 0.5081932944871155 0.668425013103195 0.02417982861382505 0.019177105452344138
0 0.5015229969384741 0.7205367127019556 0.02584740300098531 0.025013615807405073
0 0.28265385862367864 0.6963568840881307 0.02001089264592416 0.021678467033084417
0 0.25264818117927085 0.7547669937757866 0.02499229275844826 0.02510362808149253
0 0.2405476053478799 0.625068079037026 0.02084467983950432 0.015841956678023336
0 0.2722315187039264 0.5829618257612272 0.02251225422666465 0.01667574387160343
0 0.3026647512696028 0.5416893596790087 0.02001089264592416 0.01750953106518345
0 0.3651987907881158 0.5187602118555538 0.01667574387160343 0.011673020710122444
0 0.3551933444651537 0.4933297024513587 0.02001089264592416 0.015841956678023267
0 0.24513343491257086 0.4862425113059271 0.01834331825876383 0.015008169484443102
0 0.2530544132515825 0.5404386788886384 0.019177105452343995 0.0183433182587639
0 0.26472743396170495 0.41787196143235295 0.017509531065183558 0.01834331825876383
0 0.23179283981528806 0.42620983336815466 0.015008169484443137 0.013340595097282772
0 0.20636233041109286 0.38285289930198574 0.01750953106518363 0.013340595097282843
0 0.11089369674616302 0.39911174957679907 0.016675743871603466 0.012506807903702608
0 0.0708719114543147 0.3974441751896387 0.013340595097282781 0.012506807903702608
0 0.07670842180937591 0.33907907163902656 0.016675743871603466 0.012506807903702679
0 0.005419616758271125 0.3316199930338486 0.01083923351654225 0.014264394564950251
0 0.008754765532591816 0.3949878197459418 0.01750953106518363 0.015931968952110367
0 0.086713868132338 0.441362580301284 0.018343318258763803 0.013340595097282843
0 0.0429400404693789 0.4471990906563452 0.01917710545234397 0.01667574387160343
0 0.09630242085850999 0.49639253507757547 0.02084467983950432 0.01834331825876383
0 0.07545774101900565 0.5489211282731263 0.017509531065183638 0.01834331825876383
0 0.05794820995382203 0.5956132111136161 0.019177105452343985 0.01834331825876369
0 0.01959399904913407 0.6377194643894147 0.01750953106518363 0.014174382290862866
0 0.012089914306912508 0.7031717590854584 0.02251225422666467 0.020010892645924087
0 0.06628608188962376 0.8674278362207525 0.022512254226664686 0.02167846703308456
0 0.2743159866878769 0.8290736253160645 0.023346041420244816 0.026681190194565402
0 0.2864059009947894 0.942885577239758 0.027514977388145744 0.022512254226664793
0 0.38687725782120025 0.9453869388204985 0.028348764581725874 0.017509531065183808
0 0.5744793763767392 0.8966103879960585 0.02334604142024489 0.026681190194565687
0 0.5236183575683486 0.8019755415247088 0.026681190194565618 0.020844679839504464
0 0.7729207284488203 0.8369946036550762 0.026681190194565402 0.02251225422666465
0 0.8072378138847859 0.7865583456425407 0.02511078286558359 0.02511078286558359
0 0.9342688330871493 0.7917282127031019 0.03101920236336781 0.02363367799113746
0 0.9896602658788773 0.7784342688330871 0.020679468242245206 0.020679468242245206
0 0.8958641063515509 0.9675036927621861 0.039881831610044285 0.0324963072378138
0 0.8485967503692763 0.7023633677991137 0.025110782865583447 0.019202363367798937
0 0.9202363367799115 0.6491875923190545 0.017725258493352953 0.01624815361890697
0 0.7983751846381094 0.5258493353028065 0.01920236336779922 0.017725258493353026
