0 0.40576820500734617 0.9162627521487431 0.020177650084640106 0.016142120067712113
0 0.5243118992546073 0.8562342431469385 0.019168767580408214 0.02320429759733628
0 0.7381949901517934 0.8400921230792264 0.025222062605800205 0.021186532588872212
0 0.8809518645006227 0.7775414078168419 0.01815988507617618 0.021186532588872355
0 0.696830807478281 0.6630332435865088 0.015133237563480008 0.016142120067712113
0 0.6665643323513205 0.6105713533664442 0.013115472555016225 0.014124355059248117
0 0.6791753636542208 0.5349051655490434 0.014124355059248188 0.01210659005078405
0 0.7437438439250692 0.5515517268688717 0.014124355059248188 0.01513323756348008
0 0.5333918417926954 0.5147275154644033 0.013115472555016225 0.012106590050784191
0 0.5787915544831358 0.5601272281548436 0.015133237563480222 0.014124355059248259
0 0.6181379721481841 0.5565961393900317 0.013115472555016083 0.01311547255501594
0 0.43704356263853844 0.5359140480532755 0.014124355059248046 0.010088825042320124
0 0.4340169151258425 0.5722338182056279 0.016142120067712186 0.01210659005078412
0 0.5288518705236513 0.6499177710314926 0.01815988507617618 0.016142120067712255
0 0.6494133297793765 0.7422305201687215 0.019168767580408072 0.019168767580408003
0 0.5243118992546073 0.8239500030115142 0.019168767580408214 0.01715100257194422
0 0.3553240797957457 0.8511898306257786 0.022195415093104173 0.019168767580408145
0 0.37701505363673393 0.9873889686970998 0.023204297597336207 0.017151002571944077
0 0.2947911295418251 0.9853712036886358 0.0262309451100322 0.019168767580408145
0 0.22065116592539133 0.99138724059817 0.023230098486574063 0.017076486340228313
0 0.1590964327226198 0.8113389717086141 0.015133237563480133 0.014124355059248188
0 0.2428336805738766 0.7553459927237376 0.017151002571944112 0.01513323756348015
0 0.4037504399988822 0.7296194888658214 0.016142120067712113 0.014124355059248046
0 0.39214829120021405 0.6922908362092371 0.01513323756348008 0.016142120067712113
0 0.34573969600554166 0.6246957084256923 0.017151002571944147 0.014124355059248046
0 0.2912600407770131 0.5591183456506117 0.019168767580408145 0.014124355059248117
0 0.3074021608447252 0.4703366852781949 0.013115472555016083 0.010088825042320053
0 0.3336331059547575 0.4622656252443388 0.011097707546552158 0.010088825042320053
0 0.3976971449734901 0.4552034477147147 0.016142120067712186 0.010088825042320053
0 0.46125674274010664 0.43754800389065457 0.012106590050784191 0.013115472555016083
0 0.36389958108171777 0.41484814754543436 0.013115472555016083 0.010088825042320053
0 0.2983222183066372 0.39870602747772216 0.011097707546552087 0.010088825042320053
0 0.26200244815428486 0.42544141383987044 0.01311547255501612 0.011097707546552158
0 0.2438425630781086 0.46983224402607887 0.015133237563480116 0.011097707546552087
0 0.2292137667667445 0.49757651289245913 0.014124355059248117 0.01210659005078412
0 0.12832551634354353 0.5359140480532756 0.016142120067712165 0.014124355059248117
0 0.1565742264620398 0.5868626145169921 0.014124355059248117 0.011097707546552016
0 0.20651391042152425 0.6791753636542208 0.01916876758040818 0.014124355059248188
0 0.11975001505757145 0.6610154785780447 0.017151002571944164 0.014124355059248188
0 0.038337535160816366 0.911218339627583 0.020177650084640196 0.014124355059248188
0 0.050948566463716496 0.9803267911674758 0.025222062605800247 0.01715100257194422
0 0.012106590050784113 0.7644259352618258 0.01614212006771215 0.013115472555016225
0 0.048930801455252464 0.7144862513023412 0.025222062605800236 0.016142120067712113
0 0.03329312263965632 0.6680776561076689 0.0201776500846402 0.016142120067712113
0 0.03631977015235235 0.5626494344154237 0.012106590050784117 0.015133237563480222
0 0.09987936791896895 0.484461040337443 0.014124355059248153 0.010088825042320124
0 0.08827721912030084 0.4466279464287426 0.011097707546552123 0.011097707546552087
0 0.09029498412876487 0.41888367756236233 0.01311547255501612 0.010088825042320053
0 0.10643710419647702 0.4067770875115783 0.01311547255501612 0.008071060033856128
0 0.13014584304592924 0.40072379248618617 0.008071060033856093 0.006053295025391989
0 0.16142120067712157 0.37701505363673393 0.012106590050784138 0.007062177529624094
0 0.18866102829138579 0.39315717370444614 0.01210659005078412 0.013115472555016225
0 0.0832328065991408 0.379537259897314 0.013115472555016137 0.008071060033856128
0 0.09231274913722888 0.3492707847703537 0.011097707546552104 0.008071060033855985
0 0.2320437117930501 0.336659949071913 0.012106699061108027 0.013115523582266652
0 0.15385458189538148 0.31950875089550945 0.011097707546552087 0.009079942538088127
0 0.10290601543166498 0.3406952834843817 0.012106590050784103 0.00907994253808809
0 0.048930801455252464 0.31547322087858143 0.009079942538088099 0.007062177529624058
0 0.05347077272429651 0.30689771959260936 0.008071060033856074 0.006053295025392096
0 0.0827283653470248 0.2958000120460572 0.008071060033856093 0.008071060033856093
0 0.07011733404412468 0.26250688940640093 0.007062177529624085 0.006053295025392096
0 0.021186532588872202 0.2564535943810089 0.012106590050784113 0.006053295025392025
0 0.01261103130290012 0.27105763528254645 0.007062177529624067 0.0090304317184351
0 0.033293122639656315 0.2922689232812452 0.010088825042320098 0.00907994253808809
0 0.006201722927455832 0.33150563935851 0.008268963903274444 0.007579883578001585
0 0.008958044228547313 0.3435645450507853 0.009647124553820184 0.006890803252728688
