0 0.5062370062370062 0.8076923076923077 0.03326403326403323 0.06860706860706856
0 0.5504158004158004 0.6642411642411642 0.028066528066527922 0.05613305613305606
0 0.6247401247401246 0.42411642411642414 0.031185031185031208 0.05821205821205822
0 0.7926195426195426 0.632016632016632 0.03014553014553016 0.07068607068607079
0 0.8477130977130978 0.2702702702702703 0.032224532224532115 0.054054054054054036
0 0.905925155925156 0.02494802494802495 0.023908523908523875 0.03742203742203742
0 0.47193347193347196 0.06860706860706861 0.02910602910602911 0.04573804573804575
0 0.3196465696465696 0.04885654885654886 0.032224532224532185 0.03118503118503119
0 0.1658004158004158 0.35135135135135137 0.03638253638253637 0.045738045738045796
0 0.12370062370062371 0.5031185031185031 0.02910602910602911 0.04158004158004161
