0 0.03742203742203742 0.575883575883576 0.031185031185031183 0.062370062370062346
0 0.09095634095634096 0.49376299376299376 0.03014553014553014 0.06029106029106032
0 0.3082120582120582 0.6777546777546778 0.03430353430353424 0.0665280665280666
0 0.38877338877338874 0.4916839916839917 0.031185031185031208 0.05613305613305613
0 0.36434511434511435 0.2972972972972973 0.03014553014553016 0.05405405405405407
0 0.5369022869022869 0.2972972972972973 0.03430353430353428 0.05821205821205822
0 0.7053014553014553 0.38981288981288986 0.032224532224532254 0.06029106029106032
0 0.7697505197505197 0.70997920997921 0.03638253638253644 0.06029106029106032
0 0.5935550935550935 0.9074844074844074 0.03950103950103944 0.060291060291060176
0 0.6200756620220731 0.017671517671517672 0.03011894622612388 0.035343035343035345
0 0.99012474012474 0.20593342612538168 0.019750519750519828 0.06259450297841411
0 0.2125912545376657 0.016632016632016633 0.03843495454213226 0.033264033264033266
0 0.04937629937629937 0.14656964656964658 0.03014553014553015 0.05197505197505199
