0 0.31183641039898474 0.009630242085850999 0.01284032278113468 0.011923156868196476
0 0.26827102953442067 0.02522206260580024 0.010088825042320053 0.010088825042320093
0 0.24350754988508957 0.026139228518738428 0.008254493216443705 0.008254493216443715
0 0.2123239088451911 0.04815121042925499 0.013757488694072818 0.015591820519949229
0 0.19764925423818003 0.009171659129381905 0.011923156868196472 0.012840322781134667
0 0.16829994502415793 0.021553398954047474 0.01008882504232009 0.011923156868196476
0 0.15133237563480142 0.028890726257553 0.01100599095525828 0.008254493216443715
0 0.10272258224907733 0.01696756938935652 0.014674654607011046 0.010088825042320093
0 0.0784176855562153 0.038520968343403995 0.01192315686819648 0.014674654607011046
0 0.052278457037476855 0.04035530016928038 0.01100599095525828 0.011005990955258284
0 0.08896509355500447 0.09171659129381904 0.01284032278113468 0.011005990955258298
0 0.12932039372428483 0.06970460938330247 0.009171659129381898 0.012840322781134663
0 0.06007436729745147 0.1439950483312959 0.013757488694072855 0.01100599095525828
0 0.14261929946188862 0.12794464485487755 0.01192315686819649 0.011923156868196472
0 0.19535633945583455 0.11189424137845921 0.012840322781134646 0.012840322781134663
0 0.30862632970370113 0.05365420590688414 0.010088825042320053 0.013757488694072855
0 0.3315554775271559 0.043565380864564046 0.011923156868196472 0.010088825042320101
0 0.41547615856100023 0.05824003547157509 0.011005990955258298 0.015591820519949237
0 0.3077091637907629 0.10455691407495371 0.01375748869407289 0.011005990955258298
0 0.3352241411789086 0.11326999024786652 0.010088825042320124 0.008254493216443724
0 0.365949199262338 0.11693865389961929 0.012840322781134717 0.011923156868196472
0 0.45674862464321886 0.13069614259369214 0.009171659129381879 0.008254493216443688
0 0.49251809524780826 0.1430778824183577 0.011005990955258298 0.01100599095525828
0 0.26276803405679156 0.12565173007253208 0.01008882504232009 0.011005990955258262
0 0.23983888623333677 0.13757488694072856 0.015591820519949274 0.01100599095525828
0 0.17793018711000894 0.16784136206768885 0.011005990955258298 0.011005990955258298
0 0.29807892170491185 0.15821111998183787 0.014674654607011063 0.01008882504232009
0 0.4163933244739384 0.16004545180771423 0.007337327303505461 0.01008882504232009
0 0.45124562916558963 0.1623383665900597 0.012840322781134575 0.009171659129381879
0 0.5700186148910853 0.20590374745462373 0.010088825042320053 0.008254493216443705
0 0.3443958003082905 0.20406941562874736 0.010088825042320053 0.01008882504232009
0 0.37053502882702893 0.20361083267227825 0.01650898643288741 0.012840322781134646
0 0.4021772528233965 0.2123239088451911 0.013757488694072749 0.010088825042320124
0 0.11739723685608837 0.20085933493346375 0.012840322781134663 0.011005990955258262
0 0.16371411545946699 0.23938030327686768 0.017426152345825622 0.016508986432887448
0 0.22837431232160946 0.2563478726662243 0.018343318258763865 0.013757488694072855
0 0.29165876031434457 0.2558892897097551 0.014674654607011063 0.012840322781134646
0 0.27285685909911167 0.29624458987903546 0.015591820519949237 0.011005990955258298
0 0.21278249180166015 0.3310968945706867 0.016508986432887448 0.014674654607010992
0 0.13253047441956853 0.3127535763119229 0.015591820519949237 0.01284032278113461
0 0.06832886051389518 0.2604751192744461 0.015591820519949237 0.007337327303505496
0 0.09630242085850999 0.3494402128294506 0.014674654607011046 0.016508986432887483
0 0.3494402128294506 0.3251353161365886 0.02017765008464018 0.013757488694072926
0 0.3966742573457674 0.3581532890023634 0.017426152345825657 0.011923156868196472
0 0.4251064006468513 0.35448462535061054 0.015591820519949237 0.011923156868196472
0 0.47692627472785903 0.3778723561305345 0.02017765008464018 0.01650898643288741
0 0.47876060655373537 0.3077091637907629 0.01650898643288734 0.011923156868196507
0 0.5273703999394596 0.31642223996367574 0.014674654607010992 0.011005990955258298
0 0.5466308841111615 0.30404050013901013 0.014674654607011135 0.015591820519949237
0 0.58285893767222 0.3054162490084174 0.01375748869407289 0.01284032278113468
0 0.6929188472248029 0.40080150395398934 0.02292914782345477 0.011005990955258298
0 0.7149308291353194 0.5126957453324484 0.019260484171702074 0.018343318258763758
0 0.6704482823578172 0.5067341668983503 0.0183433182587639 0.015591820519949309
0 0.6190869912332786 0.5094856646371647 0.0183433182587639 0.01375748869407289
0 0.5810246058463436 0.49985542255131377 0.019260484171701932 0.018343318258763758
0 0.5145300771583249 0.5571782921099506 0.01834331825876369 0.019260484171702005
0 0.5723115296734309 0.5993679241051075 0.020177650084640106 0.019260484171702005
0 0.4072216653445565 0.5241603192441758 0.016508986432887483 0.017426152345825657
0 0.4645445349031935 0.5512167136758525 0.017426152345825584 0.014674654607011135
0 0.3512745446553269 0.45399712690440425 0.020177650084640248 0.01650898643288734
0 0.32284240135424297 0.5292047317653359 0.012840322781134646 0.018343318258763758
0 0.27056394431676617 0.4723404451631681 0.02017765008464018 0.016508986432887552
0 0.236170222581584 0.568184283065209 0.01926048417170204 0.017426152345825657
0 0.14628796311364137 0.5163644089842012 0.024763479649331153 0.01834331825876383
0 0.1802231018923544 0.4163933244739384 0.01926048417170204 0.014674654607011135
0 0.049985542255131375 0.4484941314267751 0.022929147823454767 0.02017765008464018
0 0.08529642990325172 0.5952406774968856 0.020177650084640196 0.01650898643288734
0 0.006878744347036427 0.40910550392118095 0.013757488694072855 0.01457564110551509
0 0.8350795637302224 0.6744061009069423 0.021094815997578422 0.022011981910516596
0 0.7676678691292654 0.8252798935852748 0.022011981910516454 0.021094815997578564
0 0.8240735727749643 0.8757240187968753 0.026597811475207466 0.02292914782345477
0 0.7016319233977157 0.8156496514994239 0.020177650084640248 0.022011981910516596
0 0.6530221300119916 0.8317000549758421 0.022011981910516596 0.02109481599757828
0 0.37328652656584355 0.7161371499456303 0.02017765008464018 0.021094815997578422
0 0.4076802483010256 0.8624251130592715 0.021094815997578353 0.02201198191051674
0 0.47142327925023 0.9385498838331414 0.02384631373639287 0.022011981910516454
0 0.5241603192441758 0.9756951033071379 0.024763479649331118 0.026597811475207466
0 0.5943235115839474 0.9830324306106436 0.022011981910516523 0.024763479649330834
0 0.2600282639949033 0.9899111749576801 0.02478693500318375 0.020177650084639964
0 0.02613922851873843 0.9014046643591445 0.021094815997578384 0.021094815997578422
0 0.23846313736392952 0.8147324855864855 0.020177650084640213 0.014674654607011206
0 0.16004545180771423 0.7092584055985938 0.024763479649331135 0.022011981910516596
