0 0.723227208147305 0.35155153288714625 0.04025092162630426 0.0324954605358469
0 0.5469033404645396 0.500607832080076 0.034788978407524894 0.03288603695244874
0 0.3182382404212836 0.5663178260410902 0.03300377457903439 0.03653789214652087
0 0.47550783436328475 0.655024964842348 0.040778967591399935 0.03865841598839424
0 0.9681219956856683 0.6079678943210421 0.040430639618176875 0.03421046256535983
0 0.8697666896914491 0.9276913691758282 0.04276317651922568 0.04198569043554966
0 0.05026235431592257 0.9863936723814177 0.042763386545832914 0.027212655237162254
0 0.9335300279467349 0.2762181881704344 0.04431314623338256 0.04135888667849233
0 0.8382569164968939 0.1935005642314439 0.031019082661856028 0.03545036756871178
0 0.8766614836304761 0.15509576278684872 0.03397331901108449 0.02658758890404112
0 0.9261450355812234 0.09083990773251348 0.06203840472673562 0.03397391017224078
0 0.3774001890196311 0.2326437811467677 0.03101920236336781 0.028064917905478555
0 0.22673540537503853 0.08345616392471399 0.028064846312628015 0.033973237791266764
0 0.44165423775786794 0.08788745364505324 0.023633491788785807 0.02511045912659602
0 0.4675034999097504 0.0428358421349442 0.031019082661856174 0.029541848458931385
