0 0.9542097488921714 0.7754800590841949 0.020679468242245206 0.02363367799113746
0 0.9350073855243722 0.6883308714918761 0.017725258493352953 0.017725258493353095
0 0.9224519940915806 0.5967503692762186 0.01624815361890697 0.017725258493352953
0 0.9505169867060562 0.39586410635155095 0.02215657311669119 0.01181683899556873
0 0.7799113737075332 0.6011816838995568 0.014771048744460984 0.014771048744460913
0 0.808714918759232 0.6174298375184638 0.025110782865583447 0.017725258493352953
0 0.7710487444608567 0.7695716395864107 0.02658788774002943 0.023633677991137317
0 0.2747415066469719 0.761447562776957 0.023633677991137355 0.02215657311669119
0 0.2968980797636632 0.8877400295420975 0.023633677991137355 0.02658788774002943
0 0.09527326440177251 0.793205317577548 0.025110782865583464 0.023633677991137317
0 0.07902511078286559 0.7385524372230428 0.01624815361890695 0.02363367799113746
